Welcome to the Image Component Labeling program!

Use default dimension and density? (y/n): n

Please enter a dimension between 5 and 20: 13
Please enter a density between 0 and 1: 0.54

Accepted Values
Dimension: 13
Density: 0.54

Grids successfully created!

Depth First Search Grid:
  0,0    1,0    1,0    0,0    1,0    0,0    0,0    0,0    0,0    0,0    0,0    1,0    0,0
  0,0    1,0    0,0    1,0    1,0    0,0    1,0    0,0    1,0    1,0    1,0    1,0    1,0
  1,0    0,0    1,0    1,0    0,0    1,0    0,0    1,0    0,0    1,0    0,0    0,0    1,0
  1,0    0,0    0,0    1,0    0,0    1,0    0,0    1,0    1,0    1,0    1,0    0,0    0,0
  0,0    1,0    0,0    1,0    1,0    0,0    0,0    1,0    1,0    0,0    1,0    0,0    0,0
  1,0    0,0    0,0    0,0    0,0    1,0    1,0    0,0    1,0    1,0    0,0    1,0    0,0
  1,0    1,0    0,0    0,0    0,0    1,0    0,0    0,0    1,0    0,0    1,0    1,0    1,0
  1,0    1,0    1,0    0,0    1,0    1,0    1,0    1,0    1,0    1,0    0,0    1,0    0,0
  0,0    1,0    0,0    1,0    1,0    0,0    1,0    1,0    1,0    1,0    0,0    1,0    1,0
  1,0    0,0    0,0    0,0    0,0    0,0    0,0    1,0    1,0    0,0    1,0    1,0    0,0
  1,0    1,0    1,0    0,0    1,0    0,0    1,0    1,0    1,0    1,0    1,0    0,0    0,0
  1,0    0,0    1,0    0,0    0,0    0,0    1,0    0,0    1,0    1,0    1,0    0,0    1,0
  1,0    0,0    1,0    1,0    0,0    0,0    0,0    1,0    1,0    0,0    1,0    0,0    1,0

Breadth First Search Grid:
  0,0    1,0    1,0    0,0    1,0    0,0    0,0    0,0    0,0    0,0    0,0    1,0    0,0
  0,0    1,0    0,0    1,0    1,0    0,0    1,0    0,0    1,0    1,0    1,0    1,0    1,0
  1,0    0,0    1,0    1,0    0,0    1,0    0,0    1,0    0,0    1,0    0,0    0,0    1,0
  1,0    0,0    0,0    1,0    0,0    1,0    0,0    1,0    1,0    1,0    1,0    0,0    0,0
  0,0    1,0    0,0    1,0    1,0    0,0    0,0    1,0    1,0    0,0    1,0    0,0    0,0
  1,0    0,0    0,0    0,0    0,0    1,0    1,0    0,0    1,0    1,0    0,0    1,0    0,0
  1,0    1,0    0,0    0,0    0,0    1,0    0,0    0,0    1,0    0,0    1,0    1,0    1,0
  1,0    1,0    1,0    0,0    1,0    1,0    1,0    1,0    1,0    1,0    0,0    1,0    0,0
  0,0    1,0    0,0    1,0    1,0    0,0    1,0    1,0    1,0    1,0    0,0    1,0    1,0
  1,0    0,0    0,0    0,0    0,0    0,0    0,0    1,0    1,0    0,0    1,0    1,0    0,0
  1,0    1,0    1,0    0,0    1,0    0,0    1,0    1,0    1,0    1,0    1,0    0,0    0,0
  1,0    0,0    1,0    0,0    0,0    0,0    1,0    0,0    1,0    1,0    1,0    0,0    1,0
  1,0    0,0    1,0    1,0    0,0    0,0    0,0    1,0    1,0    0,0    1,0    0,0    1,0

Running Depth First Search . . .

Resulting Grid (DFS):
  0,0    2,1    2,2    0,0    3,4    0,0    0,0    0,0    0,0    0,0    0,0    4,12   0,0
  0,0    2,3    0,0    3,6    3,5    0,0    5,69   0,0    4,68   4,17   4,16   4,13   4,14
  6,70   0,0    3,11   3,7    0,0    7,72   0,0    4,67   0,0    4,18   0,0    0,0    4,15
  6,71   0,0    0,0    3,8    0,0    7,73   0,0    4,66   4,22   4,19   4,20   0,0    0,0
  0,0    8,74   0,0    3,9    3,10   0,0    0,0    4,65   4,23   0,0    4,21   0,0    0,0
  9,75   0,0    0,0    0,0    0,0    4,63   4,64   0,0    4,24   4,25   0,0    4,49   0,0
  9,76   9,77   0,0    0,0    0,0    4,62   0,0    0,0    4,26   0,0    4,48   4,46   4,47
  9,81   9,78   9,79   0,0    4,59   4,58   4,56   4,57   4,27   4,28   0,0    4,45   0,0
  0,0    9,80   0,0    4,61   4,60   0,0    4,55   4,54   4,30   4,29   0,0    4,43   4,44
 10,82   0,0    0,0    0,0    0,0    0,0    0,0    4,53   4,31   0,0    4,41   4,42   0,0
 10,83  10,84  10,85   0,0   11,91   0,0    4,51   4,50   4,32   4,33   4,34   0,0    0,0
 10,89   0,0   10,86   0,0    0,0    0,0    4,52   0,0    4,38   4,37   4,35   0,0   12,92
 10,90   0,0   10,87  10,88   0,0    0,0    0,0    4,40   4,39   0,0    4,36   0,0   12,93

Running Breadth First Search . . .

Resulting Grid (BFS):
  0,0    2,1    2,2    0,0    3,4    0,0    0,0    0,0    0,0    0,0    0,0    4,12   0,0
  0,0    2,3    0,0    3,6    3,5    0,0    5,69   0,0    4,19   4,17   4,15   4,13   4,14
  6,70   0,0    3,9    3,7    0,0    7,72   0,0    4,28   0,0    4,18   0,0    0,0    4,16
  6,71   0,0    0,0    3,8    0,0    7,73   0,0    4,25   4,22   4,20   4,21   0,0    0,0
  0,0    8,74   0,0    3,10   3,11   0,0    0,0    4,27   4,24   0,0    4,23   0,0    0,0
  9,75   0,0    0,0    0,0    0,0    4,53   4,59   0,0    4,26   4,29   0,0    4,68   0,0
  9,76   9,77   0,0    0,0    0,0    4,47   0,0    0,0    4,30   0,0    4,67   4,65   4,66
  9,78   9,79   9,80   0,0    4,46   4,42   4,38   4,34   4,31   4,32   0,0    4,64   0,0
  0,0    9,81   0,0    4,58   4,52   0,0    4,41   4,37   4,33   4,35   0,0    4,62   4,63
 10,82   0,0    0,0    0,0    0,0    0,0    0,0    4,40   4,36   0,0    4,55   4,61   0,0
 10,83  10,84  10,86   0,0   11,91   0,0    4,51   4,45   4,39   4,43   4,48   0,0    0,0
 10,85   0,0   10,88   0,0    0,0    0,0    4,57   0,0    4,44   4,49   4,54   0,0   12,92
 10,87   0,0   10,89  10,90   0,0    0,0    0,0    4,56   4,50   0,0    4,60   0,0   12,93